   115.000  0.0000000
   115.500  0.0000000
   116.000  0.0000000
   116.500  0.0000000
   117.000  0.0000000
   117.500  0.0000000
   118.000  0.0000000
   118.500  0.0000000
   119.000  0.0000000
   119.500  0.0000000
   120.000  0.0000000
   120.500  0.0000000
   121.000  0.0000000
   121.500  0.0000000
   122.000  0.0000000
   122.500  0.0000000
   123.000  0.0000000
   123.500  0.0000000
   124.000  0.0000000
   124.500  0.0000000
   125.000  0.0000000
   125.500  0.0000000
   126.000  0.0000000
   126.500  0.0000000
   127.000  0.0000000
   127.500  0.0000000
   128.000  0.0000000
   128.500  0.0000000
   129.000  0.0000000
   129.500  0.0000000
   130.000  0.0000000
   130.500  0.0000000
   131.000  0.0000000
   131.500  0.0000000
   132.000  0.0000000
   132.500  0.0000000
   133.000  0.0000000
   133.500  0.0000000
   134.000  0.0000000
   134.500  0.0000000
   135.000  0.0000000
   135.500  0.0000000
   136.000  0.0000000
   136.500  0.0000000
   137.000  0.0000000
   137.500  0.0000000
   138.000  0.0000000
   138.500  0.0000000
   139.000  0.0000000
   139.500  0.0000000
   140.000  0.0000000
   140.500  0.0000000
   141.000  0.0000000
   141.500  0.0000000
   142.000  0.0000000
   142.500  0.0000000
   143.000  0.0000000
   143.500  0.0000000
   144.000  0.0000000
   144.500  0.0000000
   145.000  0.0000000
   145.500  0.0000000
   146.000  0.0000000
   146.500  0.0000000
   147.000  0.0000000
   147.500  0.0000000
   148.000  0.0000000
   148.500  0.0000000
   149.000  0.0000000
   149.500  0.0000000
   150.000  0.0000000
   150.500  0.0000000
   151.000  0.0000000
   151.500  0.0000000
   152.000  0.0000000
   152.500  0.0000000
   153.000  0.0000000
   153.500  0.0000000
   154.000  0.0000000
   154.500  0.0000000
   155.000  0.0000000
   155.500  0.0000000
   156.000  0.0000000
   156.500  0.0000000
   157.000  0.0000000
   157.500  0.0000000
   158.000  0.0000000
   158.500  0.0000000
   159.000  0.0000000
   159.500  0.0000000
   160.000  0.0000000
   160.500  0.0000000
   161.000  0.0000000
   161.500  0.0000000
   162.000  0.0000000
   162.500  0.0000000
   163.000  0.0000000
   163.500  0.0000000
   164.000  0.0000000
   164.500  0.0000000
   165.000  0.0000000
   165.500  0.0000000
   166.000  0.0000000
   166.500  0.0000000
   167.000  0.0000000
   167.500  0.0000000
   168.000  0.0000000
   168.500  0.0000000
   169.000  0.0000000
   169.500  0.0000000
   170.000  0.0000000
   170.500  0.0000000
   171.000  0.0000000
   171.500  0.0000000
   172.000  0.0000000
   172.500  0.0000000
   173.000  0.0000000
   173.500  0.0000000
   174.000  0.0000000
   174.500  0.0000000
   175.000  0.0000000
   175.500  0.0000000
   176.000  0.0000000
   176.500  0.0000000
   177.000  0.0000000
   177.500  0.0000000
   178.000  0.0000000
   178.500  0.0000000
   179.000  0.0000000
   179.500  0.0000000
   180.000  0.0000000
   180.500  0.0000000
   181.000  0.0000000
   181.500  0.0000000
   182.000  0.0000000
   182.500  0.0000000
   183.000  0.0000000
   183.500  0.0000000
   184.000  0.0000000
   184.500  0.0000000
   185.000  0.0000000
   185.500  0.0000000
   186.000  0.0000000
   186.500  0.0000000
   187.000  0.0000000
   187.500  0.0000000
   188.000  0.0000000
   188.500  0.0000000
   189.000  0.0000000
   189.500  0.0000000
   190.000  0.0000000
   190.500  0.0000000
   191.000  0.0000000
   191.500  0.0000000
   192.000  0.0000000
   192.500  0.0000000
   193.000  0.0000000
   193.500  0.0000000
   194.000  0.0000000
   194.500  0.0000000
   195.000  0.0000000
   195.500  0.0000000
   196.000  0.0000000
   196.500  0.0000000
   197.000  0.0000000
   197.500  0.0000000
   198.000  0.0000000
   198.500  0.0000000
   199.000  0.0000000
   199.500  0.0000000
   200.000  0.0000000
   200.500  0.0000000
   201.000  0.0000000
   201.500  0.0000000
   202.000  0.0000000
   202.500  0.0000000
   203.000  0.0000000
   203.500  0.0000000
   204.000  0.0000000
   204.500  0.0000000
   205.000  0.0000000
   205.500  0.0000000
   206.000  0.0000000
   206.500  0.0000000
   207.000  0.0000000
   207.500  0.0000000
   208.000  0.0000000
   208.500  0.0000000
   209.000  0.0000000
   209.500  0.0000000
   210.000  0.0000000
   210.500  0.0000000
   211.000  0.0000000
   211.500  0.0000000
   212.000  0.0000000
   212.500  0.0000000
   213.000  0.0000000
   213.500  0.0000000
   214.000  0.0000000
   214.500  0.0000000
   215.000  0.0000000
   215.500  0.0000000
   216.000  0.0000000
   216.500  0.0000000
   217.000  0.0000000
   217.500  0.0000000
   218.000  0.0000000
   218.500  0.0000000
   219.000  0.0000000
   219.500  0.0000000
   220.000  0.0000000
   220.500  0.0000000
   221.000  0.0000000
   221.500  0.0000000
   222.000  0.0000000
   222.500  0.0000000
   223.000  0.0000000
   223.500  0.0000000
   224.000  0.0000000
   224.500  0.0000000
   225.000  0.0000000
   225.500  0.0000000
   226.000  0.0000000
   226.500  0.0000000
   227.000  0.0000000
   227.500  0.0000000
   228.000  0.0000000
   228.500  0.0000000
   229.000  0.0000000
   229.500  0.0000000
   230.000  0.0000000
   230.500  0.0000000
   231.000  0.0000000
   231.500  0.0000000
   232.000  0.0000000
   232.500  0.0000000
   233.000  0.0000000
   233.500  0.0000000
   234.000  0.0000000
   234.500  0.0000000
   235.000  0.0000000
   235.500  0.0000000
   236.000  0.0000000
   236.500  0.0000000
   237.000  0.0000000
   237.500  0.0000000
   238.000  0.0000000
   238.500  0.0000000
   239.000  0.0000000
   239.500  0.0000000
   240.000  0.0000000
   240.500  0.0000000
   241.000  0.0000000
   241.500  0.0000000
   242.000  0.0000000
   242.500  0.0000000
   243.000  0.0000000
   243.500  0.0000000
   244.000  0.0000000
   244.500  0.0000000
   245.000  0.0000000
   245.500  0.0000000
   246.000  0.0000000
   246.500  0.0000000
   247.000  0.0000000
   247.500  0.0000000
   248.000  0.0000000
   248.500  0.0000000
   249.000  0.0000000
   249.500  0.0000000
   250.000  0.0000000
   250.500  0.0000000
   251.000  0.0000000
   251.500  0.0000000
   252.000  0.0000000
   252.500  0.0000000
   253.000  0.0000000
   253.500  0.0000000
   254.000  0.0000000
   254.500  0.0000000
   255.000  0.0000000
   255.500  0.0000000
   256.000  0.0000000
   256.500  0.0000000
   257.000  0.0000000
   257.500  0.0000000
   258.000  0.0000000
   258.500  0.0000000
   259.000  0.0000000
   259.500  0.0000000
   260.000  0.0000000
   260.500  0.0000000
   261.000  0.0000000
   261.500  0.0000000
   262.000  0.0000000
   262.500  0.0000000
   263.000  0.0000000
   263.500  0.0000000
   264.000  0.0000000
   264.500  0.0000000
   265.000  0.0000000
   265.500  0.0000000
   266.000  0.0000000
   266.500  0.0000000
   267.000  0.0000000
   267.500  0.0000000
   268.000  0.0000000
   268.500  0.0000000
   269.000  0.0000000
   269.500  0.0000000
   270.000  0.0000000
   270.500  0.0000000
   271.000  0.0000000
   271.500  0.0000000
   272.000  0.0000000
   272.500  0.0000000
   273.000  0.0000000
   273.500  0.0000000
   274.000  0.0000000
   274.500  0.0000000
   275.000  0.0000000
   275.500  0.0000000
   276.000  0.0000000
   276.500  0.0000000
   277.000  0.0000000
   277.500  0.0000000
   278.000  0.0000000
   278.500  0.0000000
   279.000  0.0000000
   279.500  0.0000000
   280.000  0.0000000
   280.500  0.0000000
   281.000  0.0000000
   281.500  0.0000000
   282.000  0.0000000
   282.500  0.0000000
   283.000  0.0000000
   283.500  0.0000000
   284.000  0.0000000
   284.500  0.0000000
   285.000  0.0000000
   285.500  0.0000000
   286.000  0.0000000
   286.500  0.0000000
   287.000  0.0000000
   287.500  0.0000000
   288.000  0.0000000
   288.500  0.0000000
   289.000  0.0000000
   289.500  0.0000000
   290.000  0.0000000
   290.500  0.0000000
   291.000  0.0000000
   291.500  0.0000000
   292.000  0.0000000
   292.500  0.0000000
   293.000  0.0000000
   293.500  0.0000000
   294.000  0.0000000
   294.500  0.0000000
   295.000  0.0000000
   295.500  0.0000000
   296.000  0.0000000
   296.500  0.0000000
   297.000  0.0000000
   297.500  0.0000000
   298.000  0.0000000
   298.500  0.0000000
   299.000  0.0000000
   299.500  0.0000000
   300.000  0.0000000
   300.500  0.0000000
   301.000  0.0000000
   301.500  0.0000000
   302.000  0.0000000
   302.500  0.0000000
   303.000  0.0000000
   303.500  0.0000000
   304.000  0.0000000
   304.500  0.0000000
   305.000  0.0000000
   305.500  0.0000000
   306.000  0.0000000
   306.500  0.0000000
   307.000  0.0000000
   307.500  0.0000000
   308.000  0.0000000
   308.500  0.0000000
   309.000  0.0000000
   309.500  0.0000000
   310.000  0.0000000
   310.500  0.0000000
   311.000  0.0000000
   311.500  0.0000000
   312.000  0.0000000
   312.500  0.0000000
   313.000  0.0000000
   313.500  0.0000000
   314.000  0.0000000
   314.500  0.0000000
   315.000  0.0000000
   315.500  0.0000000
   316.000  0.0000000
   316.500  0.0000000
   317.000  0.0000000
   317.500  0.0000000
   318.000  0.0000000
   318.500  0.0000000
   319.000 31511.4974756
   319.500 182037.0507351
   320.000 177899.0571174
   320.500 173642.8351107
   321.000 162896.5803657
   321.500 172877.0400263
   322.000 169467.9072369
   322.500 175702.5612591
   323.000 183356.1167782
   323.500 187231.1391748
   324.000 199606.4734626
   324.500 210235.5153752
   325.000 198661.8568904
   325.500 195412.1706405
   326.000 176111.3896507
   326.500 184567.0986607
   327.000 205700.0107949
   327.500 199868.5022078
   328.000 198392.8945026
   328.500 201297.0184610
   329.000 204608.6905055
   329.500 206829.0539858
   330.000 198217.2676856
   330.500 180272.4849943
   331.000 187022.5866094
   331.500 212229.3931583
   332.000 203953.4059230
   332.500 200642.2680078
   333.000 204387.9243294
   333.500 209293.0773681
   334.000 200605.7804540
   334.500 193673.1120966
   335.000 202206.3890703
   335.500 217887.3755978
   336.000 219401.6402060
   336.500 196966.7037278
   337.000 204930.8968110
   337.500 230055.5450886
   338.000 230117.9443556
   338.500 245002.4678579
   339.000 232591.5532582
   339.500 215013.3602883
   340.000 209982.6012260
   340.500 227933.3981894
   341.000 241906.0208862
   341.500 236561.1216638
   342.000 243358.5676832
   342.500 229181.1329676
   343.000 232003.2953643
   343.500 240574.8535723
   344.000 235005.8052277
   344.500 239567.7987186
   345.000 242008.7906918
   345.500 241732.6714310
   346.000 237132.1955892
   346.500 214876.3051499
   347.000 204738.0183176
   347.500 234097.0748652
   348.000 237656.0154849
   348.500 251944.1197622
   349.000 250525.3793525
   349.500 257768.3916770
   350.000 265125.0204108
   350.500 281185.1322849
   351.000 286158.4044186
   351.500 284486.8333283
   352.000 281167.4349936
   352.500 286353.6370693
   353.000 296419.1084818
   353.500 288988.5479631
   354.000 279274.9703128
   354.500 283413.1669315
   355.000 310886.4888430
   355.500 305133.5295813
   356.000 317634.4371209
   356.500 323933.5637940
   357.000 324283.3946573
   357.500 321519.9376424
   358.000 332846.3061501
   358.500 346800.2751374
   359.000 340506.1574996
   359.500 347929.4713218
   360.000 384118.7300116
   360.500 396447.2506612
   361.000 376939.5664637
   361.500 391984.6247289
   362.000 417856.0330730
   362.500 419987.3057599
   363.000 428773.8761358
   363.500 440261.4082096
   364.000 447765.8038295
   364.500 451580.0563822
   365.000 451003.7175801
   365.500 477125.7347589
   366.000 510726.7897641
   366.500 499332.5287670
   367.000 478795.0203160
   367.500 503682.7814766
   368.000 550473.9422168
   368.500 588648.5554568
   369.000 588756.9355574
   369.500 596196.0115230
   370.000 642735.9837697
   370.500 690688.3257475
   371.000 720225.3208371
   371.500 771941.5083888
   372.000 781243.6585777
   372.500 840283.9603724
   373.000 879234.3210147
   373.500 925786.3857999
   374.000 997687.8554513
   374.500 1035056.6796936
   375.000 1104606.2704095
   375.500 1205080.5415920
   376.000 1290512.6185225
   376.500 1420032.4018708
   377.000 1642037.3891829
   377.500 1808101.8976216
   378.000 2012267.5470068
   378.500 2279986.8443741
   379.000 2551565.6154333
   379.500 2777952.2096174
   380.000 2958788.3145538
   380.500 3175337.2543574
   381.000 3410139.4568923
   381.500 3636514.7285397
   382.000 3804242.3082529
   382.500 3816783.9574555
   383.000 3805367.7897107
   383.500 3897608.5632054
   384.000 4255973.5890427
   384.500 4839023.3784511
   385.000 5496487.8829144
   385.500 6148945.3101707
   386.000 6773566.2557767
   386.500 7320574.0450826
   387.000 7847284.2906343
   387.500 8413159.3982525
   388.000 9028393.7594672
   388.500 9789463.7374448
   389.000 10738095.1715116
   389.500 12012434.6417132
   390.000 13384002.9624346
   390.500 14649009.3540099
   391.000 15775585.2551490
   391.500 16427943.9999344
   392.000 16358697.4496802
   392.500 15517230.5070227
   393.000 14507368.2948883
   393.500 14318493.9368875
   394.000 15555155.4143846
   394.500 18109252.0002598
   395.000 20872509.4178824
   395.500 22415242.1098345
   396.000 22150201.3748442
   396.500 21663926.5197837
   397.000 22647084.2559308
   397.500 25749633.0117468
   398.000 30372383.6179486
   398.500 35237777.3062301
   399.000 39356641.4894275
   399.500 42509707.1010496
   400.000 45001397.9758489
   400.500 47275420.3737068
   401.000 49434454.9745947
   401.500 51441411.0695283
   402.000 53073378.4152354
   402.500 54323518.4493276
   403.000 55433642.2276530
   403.500 56519592.4278623
   404.000 57614981.9557984
   404.500 58662782.7212862
   405.000 59589047.7529755
   405.500 60394728.9367423
   406.000 61167724.5265467
   406.500 62200772.8364316
   407.000 64028362.0533131
   407.500 66608605.9662292
   408.000 69344105.7962544
   408.500 71278001.4583854
   409.000 72064801.0335004
   409.500 72283224.3258228
   410.000 73228057.5908209
   410.500 75614806.5594449
   411.000 78864988.2839009
   411.500 81728878.1545451
   412.000 83333700.1293881
   412.500 84201651.7048643
   413.000 85069314.9151974
   413.500 86320658.9933993
   414.000 87771281.0699774
   414.500 88961193.0201463
   415.000 90374330.5904551
   415.500 91846585.5728638
   416.000 92820570.7399953
   416.500 93238132.5615507
   417.000 93364876.4814124
   417.500 93275162.4010790
   418.000 94104488.7744201
   418.500 95025916.5032305
   419.000 96064097.2781928
   419.500 98055185.7537730
   420.000 99764515.4616029
   420.500 101516437.8582149
   421.000 102394667.8725192
   421.500 102138703.0927105
   422.000 101788439.4686688
   422.500 102129927.6755717
   423.000 102964152.5422483
   423.500 104524624.2113137
   424.000 105613209.2216840
   424.500 106203493.9033812
   425.000 107079975.1804090
   425.500 107043657.0094863
   426.000 106946925.7743521
   426.500 106816604.4832337
   427.000 106743087.8049198
   427.500 106570626.4898114
   428.000 105379471.0824917
   428.500 102338605.7159645
   429.000 98115782.7780064
   429.500 94429446.8917518
   430.000 94298405.5010100
   430.500 100073167.7155744
   431.000 108178707.3973371
   431.500 115325083.6120388
   432.000 119480701.8310373
   432.500 121081692.5777318
   433.000 121504347.1912225
   433.500 122318708.4872986
   434.000 124611442.3369916
   434.500 128424570.8504842
   435.000 132899672.6611450
   435.500 136249773.0996109
   436.000 137471840.8432923
   436.500 136169189.3383783
   437.000 133667251.2706092
   437.500 131899538.6144467
   438.000 132255277.8416126
   438.500 134562047.2843671
   439.000 137762281.6869411
   439.500 141123291.5799286
   440.000 144665960.1140780
   440.500 148605707.9812974
   441.000 152685668.2204711
   441.500 155966697.8445071
   442.000 158036625.7018967
   442.500 159501508.4562533
   443.000 160891870.0548116
   443.500 162135260.3511709
   444.000 162762866.0660173
   444.500 162829788.7125618
   445.000 163214160.8482431
   445.500 165043637.4897071
   446.000 168705140.1565535
   446.500 173261607.0991792
   447.000 177038643.9287237
   447.500 179505996.0651402
   448.000 181409234.1393010
   448.500 183769739.7288570
   449.000 187124059.2417388
   449.500 190603560.9840730
   450.000 193197304.8419138
   450.500 194063335.3333124
   451.000 193035466.2259218
   451.500 190900477.2612996
   452.000 188948360.9302483
   452.500 188270640.1184774
   453.000 189928462.1950872
   453.500 192727947.8843654
   454.000 195025446.2768308
   454.500 197980183.7388796
   455.000 200528622.9031861
   455.500 203095586.8270569
   456.000 205250392.7641091
   456.500 206321832.2160659
   457.000 206654905.6058932
   457.500 206691533.4356291
   458.000 206019486.2072862
   458.500 206627524.1453263
   459.000 208125359.3328327
   459.500 210789136.9743012
   460.000 214946808.2376342
   460.500 217557091.0964684
   461.000 219840649.8402786
   461.500 221641653.8666365
   462.000 222560680.5015543
   462.500 222892661.2220331
   463.000 222290809.2453276
   463.500 220367846.3832993
   464.000 219838339.7889819
   464.500 220211088.4824467
   465.000 220778170.9506485
   465.500 221662492.2351612
   466.000 221221885.6815517
   466.500 221930137.9107221
   467.000 223665518.3554979
   467.500 225767137.4229057
   468.000 227447326.5069087
   468.500 227743259.5136234
   469.000 226776533.0638444
   469.500 226393207.4246696
   470.000 227277871.9083933
   470.500 230146829.2009762
   471.000 234042912.7560297
   471.500 236285685.2585743
   472.000 237263996.2860543
   472.500 238053503.7427489
   473.000 239497694.7993794
   473.500 241475347.3274595
   474.000 243107935.1770050
   474.500 243831172.1922351
   475.000 244094296.8918656
   475.500 244840337.8794073
   476.000 246780847.1011593
   476.500 249799409.9953954
   477.000 252477863.5269072
   477.500 253927537.5568041
   478.000 254941971.4210215
   478.500 255860418.9206412
   479.000 256719318.7004584
   479.500 257539175.8785458
   480.000 258446766.4144651
   480.500 259536177.8726795
   481.000 260534445.5169694
   481.500 260700530.2983742
   482.000 259905014.8640420
   482.500 258356222.9671497
   483.000 256824238.7882126
   483.500 254026575.0018500
   484.000 249247541.1146457
   484.500 242180998.2485836
   485.000 234833039.6088358
   485.500 230665545.8564009
   486.000 231997513.8191341
   486.500 238070281.8740900
   487.000 245559274.6579104
   487.500 251485696.2599327
   488.000 255452110.9279377
   488.500 259399854.8411424
   489.000 263396741.4503778
   489.500 266348203.5323560
   490.000 266633638.9616171
   490.500 264879257.5625136
   491.000 263275908.6609554
   491.500 263497111.8359182
   492.000 265825216.9899037
   492.500 269326609.8941015
   493.000 272190217.1602793
   493.500 274977014.3983551
   494.000 277039035.7322251
   494.500 278007716.9771972
   495.000 278962719.9186989
   495.500 278621159.3276381
   496.000 278348635.3148528
   496.500 277627086.8117720
   497.000 275964788.4009025
   497.500 274731010.8341666
   498.000 274688929.0288094
   498.500 274111403.3531272
   499.000 274096040.3296826
   499.500 272653358.4119859
   500.000 270710826.3387641
   500.500 270881190.5757840
   501.000 270896422.7962011
   501.500 272632080.6847590
   502.000 274991516.3345515
   502.500 276586182.8502369
   503.000 277771445.2139423
   503.500 278965560.9096701
   504.000 280142745.3976510
   504.500 283160373.3221776
   505.000 286207313.8442779
   505.500 287404553.6262535
   506.000 286933899.7876086
   506.500 284475235.0555394
   507.000 282828396.0177752
   507.500 282788228.1651708
   508.000 283953684.6773634
   508.500 285518063.4047737
   509.000 286420617.8391176
   509.500 286456969.7005967
   510.000 286998394.9761789
   510.500 288323966.0981418
   511.000 289233622.2811056
   511.500 288210946.9024703
   512.000 285678953.1381822
   512.500 283367640.5676029
   513.000 281754930.9967070
   513.500 281017851.5662656
   514.000 281165803.3799979
   514.500 280845924.0692919
   515.000 277990456.1428909
   515.500 271863250.5171096
   516.000 264144786.7163776
   516.500 258673491.6438698
   517.000 257966604.1055860
   517.500 260580205.5646597
   518.000 264731575.0362187
   518.500 270028559.4884274
   519.000 275431261.3152987
   519.500 279900890.6151994
   520.000 282970918.4333833
   520.500 284819457.6068971
   521.000 285656122.8646837
   521.500 285442622.1069416
   522.000 284859669.1494449
   522.500 285236519.6995584
   523.000 287527549.0044360
   523.500 290043136.0729223
   524.000 291118452.9597728
   524.500 289710260.2449431
   525.000 285588124.2658589
   525.500 280128489.3968779
   526.000 275808451.9889179
   526.500 275046558.0362245
   527.000 278759311.7032429
   527.500 285335837.5470788
   528.000 291553332.1498614
   528.500 295532781.4977620
   529.000 297224336.9886535
   529.500 298131503.2438302
   530.000 299294079.8773263
   530.500 299135063.7720494
   531.000 296790503.7621849
   531.500 292773067.0258180
   532.000 288904061.4127425
   532.500 287237141.9286774
   533.000 288030317.9442971
   533.500 289254845.8306141
   534.000 291563224.7057528
   534.500 293506189.6967921
   535.000 294246196.5322348
   535.500 293958524.2882672
   536.000 290760847.4166318
   536.500 288160150.2364453
   537.000 287325571.6184716
   537.500 287061789.4404311
   538.000 286481097.4067917
   538.500 284437180.5573809
   539.000 279312935.1210377
   539.500 275299931.8048577
   540.000 272768395.9808705
   540.500 272063961.6816599
   541.000 273540098.4466161
   541.500 273298447.4205743
   542.000 273181097.6220672
   542.500 273746467.8106778
   543.000 275148384.7034744
   543.500 277630905.4311878
   544.000 280130704.2466947
   544.500 281265587.6052938
   545.000 282571446.9435053
   545.500 283343901.7398980
   546.000 283580062.9470768
   546.500 283243271.8380129
   547.000 282161361.2903450
   547.500 281949414.5998732
   548.000 282284746.3880761
   548.500 282567393.4462353
   549.000 282463847.4653335
   549.500 281802497.6911694
   550.000 280959742.8561003
   550.500 280846236.3492439
   551.000 281143925.0003065
   551.500 280804899.4343413
   552.000 280009517.9468341
   552.500 279513224.4233001
   553.000 280132189.1642227
   553.500 281395826.2996158
   554.000 282577379.1740760
   554.500 282944581.3533972
   555.000 282170978.1085348
   555.500 280487463.6228058
   556.000 278463420.5946470
   556.500 276687309.9597147
   557.000 275479361.9046454
   557.500 274070670.9062133
   558.000 272211131.8995230
   558.500 270852472.2589901
   559.000 270894416.7578567
   559.500 272364686.7618093
   560.000 274358812.7582270
   560.500 275812464.0452327
   561.000 276287536.5930112
   561.500 276173309.5545605
   562.000 276200769.7456169
   562.500 276633973.4491223
   563.000 276738383.6262315
   563.500 276213804.2639025
   564.000 275468856.4178669
   564.500 274211210.9463555
   565.000 272526552.3857234
   565.500 271167009.1390811
   566.000 270935620.8484634
   566.500 271360854.0005283
   567.000 271299654.1412473
   567.500 270431052.6066098
   568.000 269268800.2622035
   568.500 267776408.7734189
   569.000 266783822.5143053
   569.500 265349003.8388908
   570.000 263754603.2359805
   570.500 263407493.5167738
   571.000 264138089.0102980
   571.500 265829065.1778324
   572.000 267618747.4884388
   572.500 268583162.7492445
   573.000 268793793.2330845
   573.500 268257635.3312049
   574.000 265533499.8701856
   574.500 263549035.3345687
   575.000 261762959.0608014
   575.500 261120214.9077427
   576.000 262111006.6716478
   576.500 261334680.5844398
   577.000 260146427.3140377
   577.500 258878808.6972855
   578.000 257995845.5122577
   578.500 258639842.5425586
   579.000 260259696.5130938
   579.500 260683490.1534660
   580.000 261765424.7691778
   580.500 262558993.3095484
   581.000 263483465.4193776
   581.500 265341211.4087612
   582.000 265393522.2387593
   582.500 265473605.5733341
   583.000 265378765.4491554
   583.500 264754058.0150363
   584.000 263668744.0923833
   584.500 261839281.5037956
   585.000 259313110.4755457
   585.500 257812375.6304080
   586.000 257194297.4629257
   586.500 257071679.8449055
   587.000 256043156.0986232
   587.500 252211025.5711994
   588.000 246637784.3144298
   588.500 241250982.7491425
   589.000 238559821.9100713
   589.500 239471869.4130486
   590.000 242502812.1819023
   590.500 245466368.0282728
   591.000 247371201.5916017
   591.500 247993006.8372366
   592.000 248176039.1482134
   592.500 248099515.8233841
   593.000 247607613.4770299
   593.500 246965043.7895083
   594.000 246213099.4683188
   594.500 245690880.0012249
   595.000 245496121.1321850
   595.500 245497562.0316443
   596.000 245402435.6352450
   596.500 244805192.8042561
   597.000 243482345.3349576
   597.500 241779195.4650334
   598.000 240344996.4342527
   598.500 239150828.6742390
   599.000 238073918.6735336
   599.500 236838800.7841227
   600.000 235294926.7342603
   600.500 233516836.2674892
   601.000 231694035.3469879
   601.500 230274540.5282780
   602.000 229679691.7219129
   602.500 229904886.2254274
   603.000 230707166.7971006
   603.500 231162089.3028911
   604.000 231203646.5816512
   604.500 230780191.0730974
   605.000 229786566.1764650
   605.500 229051800.7972269
   606.000 228273055.7134394
   606.500 227434355.4914432
   607.000 226517690.2095291
   607.500 225361908.7584559
   608.000 224032960.9601696
   608.500 222690691.5007500
   609.000 220837924.3665565
   609.500 219342202.2378106
   610.000 217809129.8261376
   610.500 216339801.4049353
   611.000 215022016.8206731
   611.500 212206036.0514573
   612.000 208699412.9147550
   612.500 204954383.9096863
   613.000 201166248.8374170
   613.500 198052562.5090862
   614.000 195611931.0048229
   614.500 192219889.5085096
   615.000 189073005.3066211
   615.500 185434526.6328150
   616.000 182004505.7094733
   616.500 180085322.1868099
   617.000 177511764.0353337
   617.500 175342506.2030874
   618.000 173630720.8769151
   618.500 172369546.5396718
   619.000 172251642.3718810
   619.500 173146473.4924284
   620.000 173786119.4562044
   620.500 175180896.4050722
   621.000 176551189.5626542
   621.500 178012211.3922389
   622.000 180182273.7267500
   622.500 181614612.6973948
   623.000 183028689.1666903
   623.500 184342818.4090075
   624.000 185476491.2577682
   624.500 186612524.6637213
   625.000 187748832.5669864
   625.500 188818675.8166632
   626.000 190130989.3417840
   626.500 190851356.7531241
   627.000 190684610.3888814
   627.500 190178509.0283198
   628.000 189407491.6045935
   628.500 188816837.7115012
   629.000 188222077.6086063
   629.500 187563405.7550996
   630.000 186928970.6480718
   630.500 186301669.2558280
   631.000 185707276.5312382
   631.500 185387667.0685189
   632.000 185318419.2369442
   632.500 185349268.0605223
   633.000 185036036.7794504
   633.500 184691181.5190634
   634.000 184537831.9928192
   634.500 184467564.3645048
   635.000 184215132.9200048
   635.500 183862931.7893376
   636.000 183727487.0493393
   636.500 183941450.4495642
   637.000 184205961.1436738
   637.500 184014764.3005438
   638.000 183232769.7179826
   638.500 181831556.4077540
   639.000 180038536.1793050
   639.500 178273462.1065838
   640.000 176698290.2829224
   640.500 175204608.9007729
   641.000 173679641.0051966
   641.500 172102633.3389357
   642.000 170357988.4788189
   642.500 168191173.1629993
   643.000 165567146.3483529
   643.500 162991136.1535796
   644.000 160772468.8024061
   644.500 159607047.4485941
   645.000 159161797.1925640
   645.500 159004910.7497366
   646.000 158820491.5504754
   646.500 158061761.4326619
   647.000 157165852.7811274
   647.500 156547201.4157514
   648.000 156170233.2914419
   648.500 156008906.5120813
   649.000 156134666.2950880
   649.500 156259228.1097319
   650.000 157470315.3917780
   650.500 158896947.8056578
   651.000 159836318.9778413
   651.500 160592703.1862726
   652.000 160346972.3131736
   652.500 159940500.0172725
   653.000 159370045.0327949
   653.500 158155292.3363976
   654.000 156052991.1914957
   654.500 152461685.1831011
   655.000 146717017.6884189
   655.500 141493618.2629032
   656.000 138845302.3476065
   656.500 140286036.6322117
   657.000 144321251.7440193
   657.500 147194265.1846011
   658.000 148791385.0026363
   658.500 149334527.2050196
   659.000 149201510.3951968
   659.500 149135467.8206935
   660.000 149257069.1024717
   660.500 148877667.7582233
   661.000 148717116.0342015
   661.500 148233059.7896757
   662.000 147335913.2162716
   662.500 146578884.2123094
   663.000 145454460.2706135
   663.500 144721252.5512057
   664.000 144225264.2143899
   664.500 143821237.5418420
   665.000 143420689.9768473
   665.500 142796298.7562566
   666.000 141967991.1966541
   666.500 141464850.0267315
   667.000 141054527.0700960
   667.500 140861268.0249166
   668.000 140884051.5706590
   668.500 140626367.9610327
   669.000 140297648.2054945
   669.500 140021293.3445378
   670.000 139731456.2688518
   670.500 139376719.7789911
   671.000 139030268.4395596
   671.500 138890954.7009745
   672.000 139069368.9754136
   672.500 139259205.0742412
   673.000 139314781.3876503
   673.500 138960923.8191467
   674.000 138546686.7790065
   674.500 138190059.1579891
   675.000 138014468.1632513
   675.500 137735639.8604635
   676.000 137441349.1651115
   676.500 137118158.5882580
   677.000 136570865.9511453
   677.500 135765752.8980971
   678.000 134829164.8885065
   678.500 133786523.0644930
   679.000 132535755.6079118
   679.500 131401628.9636446
   680.000 130382477.6618672
   680.500 129362329.5565638
   681.000 128434308.7241621
   681.500 127470452.0059140
   682.000 126483220.5863650
   682.500 125460382.3794740
   683.000 124456265.7464633
   683.500 123685796.2446868
   684.000 122947675.3383599
   684.500 121727504.4221114
   685.000 119758292.3736658
   685.500 116028727.2033773
   686.000 111150016.6931011
   686.500 106877771.6421805
   687.000 104412534.6627203
   687.500 104138078.7887263
   688.000 105150791.0461021
   688.500 106187497.5427295
   689.000 106865428.9532178
   689.500 107477959.3773574
   690.000 107720589.0389264
   690.500 108191959.9337095
   691.000 108576586.4404702
   691.500 108877226.1020393
   692.000 109254240.5987298
   692.500 108875323.7820171
   693.000 108354129.9298868
   693.500 107843435.1915522
   694.000 107259875.5955931
   694.500 106844419.4223496
   695.000 106512110.1317330
   695.500 105519193.4729489
   696.000 104839761.0859371
   696.500 103970693.7549386
   697.000 102846940.7615083
   697.500 102075234.3556362
   698.000 100862559.2297566
   698.500 99684747.1120966
   699.000 98411868.7016710
   699.500 97087756.6984248
   700.000 95897963.9130053
   700.500 94773263.2938034
   701.000 93690565.5879694
   701.500 93024809.2358400
   702.000 92824426.1330719
   702.500 92797041.4824522
   703.000 92911517.2535978
   703.500 92886215.8830917
   704.000 92838194.7569234
   704.500 92788489.3865908
   705.000 92616581.6543405
   705.500 92433962.0195747
   706.000 92287447.5376831
   706.500 92013839.4590798
   707.000 91724951.5443697
   707.500 91360335.5242858
   708.000 90884643.6008395
   708.500 90361719.0123782
   709.000 90107925.7493655
   709.500 89831198.2362151
   710.000 89538993.3262036
   710.500 89157930.1091509
   711.000 88672661.2013931
   711.500 88159993.8851247
   712.000 87696469.8868497
   712.500 87288703.7080418
   713.000 86849420.9799421
   713.500 86148136.9987319
   714.000 85101209.8349175
   714.500 83564686.5468470
   715.000 81649379.4517742
   715.500 79258348.8031385
   716.000 76466674.1288303
   716.500 73337197.9538816
   717.000 70053643.0805118
   717.500 66858665.2959487
   718.000 63888563.3561316
   718.500 61195203.5163475
   719.000 58859000.7100599
   719.500 56886005.3531639
   720.000 55648581.0069273
   720.500 54689580.0065123
   721.000 53750411.1327141
   721.500 52532750.4560903
   722.000 50672738.4168995
   722.500 48266948.7527872
   723.000 45568442.0587777
   723.500 42759836.3678830
   724.000 40074351.4364233
   724.500 37727183.0888538
   725.000 35729702.6455705
   725.500 34434377.6363080
   726.000 33526181.7726585
   726.500 32929314.8123492
   727.000 33024444.7139824
   727.500 33708262.4882644
   728.000 34782784.4655478
   728.500 36112464.0728062
   729.000 37620090.9084163
   729.500 39308548.9758328
   730.000 41180441.5174086
   730.500 42963530.2291809
   731.000 44711584.7370614
   731.500 46214681.0869204
   732.000 47711946.8095143
   732.500 49359798.3036337
   733.000 50840130.6401007
   733.500 52353895.6323011
   734.000 53818871.0487321
   734.500 55066324.5910625
   735.000 56237415.8410444
   735.500 57404980.6573428
   736.000 58151220.5538406
   736.500 58921512.9708139
   737.000 59595015.7677324
   737.500 59989134.9223499
   738.000 60509093.5158402
   738.500 60860826.8665615
   739.000 61190779.8278946
   739.500 61475706.4181775
   740.000 61635253.4223602
   740.500 61738985.3979000
   741.000 61874866.0482901
   741.500 62020872.7599572
   742.000 62295983.2921597
   742.500 62524865.5897484
   743.000 62537013.5545062
   743.500 62376398.6382846
   744.000 62095856.7941633
   744.500 61848968.2806162
   745.000 61615928.5193947
   745.500 61412074.9796849
   746.000 61131233.2738167
   746.500 60754581.4137851
   747.000 60402199.4210883
   747.500 59958901.1741636
   748.000 59370754.6015087
   748.500 58863392.2483387
   749.000 58312531.3787222
   749.500 57882734.1270769
   750.000 57413799.1842820
   750.500 58240076.3369355
   751.000 57776262.3388658
   751.500 57294406.8834144
   752.000 56770759.5039819
   752.500 56182329.6737074
   753.000 55560903.2327753
   753.500 54919869.3677611
   754.000 54185956.3571430
   754.500 53404755.0955924
   755.000 52593598.9940631
   755.500 51667265.6811200
   756.000 50539563.1294904
   756.500 48947241.1545907
   757.000 46564332.5160341
   757.500 43071622.7254601
   758.000 38416774.4713608
   758.500 33038313.0661709
   759.000 27890983.9609755
   759.500 24168173.2799913
   760.000 22610703.4323890
   760.500 23111143.1533054
   761.000 24235781.5016859
   761.500 25196183.4180053
   762.000 25894807.1738322
   762.500 26625909.9896726
   763.000 27685729.8412897
   763.500 29163130.8498486
   764.000 30918309.7712859
   764.500 32706605.6117650
   765.000 34408253.9497000
   765.500 35952321.9886078
   766.000 37349534.3140223
   766.500 38497415.5964267
   767.000 39368440.2285758
   767.500 39924106.1128140
   768.000 40197573.0701456
   768.500 40337432.4130707
   769.000 40372376.7847973
   769.500 40287757.6423082
   770.000 40085006.8503935
   770.500 39772137.7966952
   771.000 39388672.9716164
   771.500 39089758.6281535
   772.000 38748742.6006093
   772.500 38449065.1348829
   773.000 38123177.1058732
   773.500 37737592.6278327
   774.000 37395054.3215018
   774.500 37097724.5048131
   775.000 36785625.0913626
   775.500 36430405.3335407
   776.000 36012023.5103006
   776.500 35472985.6706194
   777.000 34972956.7403368
   777.500 34431836.6606518
   778.000 33765098.4890143
   778.500 33098534.8912160
   779.000 32346783.1719991
   779.500 31632633.8510426
   780.000 31035165.7664160
   780.500 30528741.6300081
   781.000 30021146.8153199
   781.500 29434630.9615873
   782.000 28757026.0244677
   782.500 28076144.1205279
   783.000 27520407.7530768
   783.500 27129176.8024069
   784.000 26714594.4654926
   784.500 26243583.8269873
   785.000 25757340.1620478
   785.500 25337232.0345958
   786.000 25110270.0466538
   786.500 25042620.4998339
   787.000 25021462.1188990
   787.500 25005384.2598729
   788.000 24968150.3494030
   788.500 24842361.5636250
   789.000 24633654.4317902
   789.500 24313272.0658699
   790.000 23040507.7720203
   790.500 22737146.4242119
   791.000 22529496.2368132
   791.500 22375781.8242611
   792.000 22251379.7726875
   792.500 22151505.4814733
   793.000 22057047.7269757
   793.500 21957121.5917638
   794.000 21867182.7002977
   794.500 21759226.8957861
   795.000 21623627.0936952
   795.500 21508544.3778848
   796.000 21437545.4247665
   796.500 21428197.9757758
   797.000 21432141.2953664
   797.500 21450958.7526427
   798.000 21502938.4526432
   798.500 21608826.5898864
   799.000 21779467.0342169
   799.500 21967910.9963121
   800.000 22089045.8879024
   800.500 22215090.3822218
   801.000 22330974.7190392
   801.500 22427967.1711859
   802.000 22593084.9100719
   802.500 22670874.2637935
   803.000 22769978.0906185
   803.500 22905512.5893740
   804.000 23046769.8403671
   804.500 23215113.7963030
   805.000 23348944.2512663
   805.500 23321094.7683581
   806.000 23268845.9467841
   806.500 23165013.4009507
   807.000 23003850.0025688
   807.500 22917675.2914958
   808.000 22735808.1286299
   808.500 22583826.4784851
   809.000 22453698.7895119
   809.500 22333463.8074692
   810.000 22226695.2128274
   810.500 22056231.4534089
   811.000 21761406.9259803
   811.500 21443439.2908762
   812.000 21109437.4455463
   812.500 20750795.5317092
   813.000 20427612.8375160
   813.500 20063242.2448137
   814.000 19749095.7715525
   814.500 19478650.5728501
   815.000 19259561.4797285
   815.500 19095440.5364925
   816.000 18970019.8345266
   816.500 18874419.1142262
   817.000 18825185.1509259
   817.500 18830341.2658272
   818.000 18868060.5717061
   818.500 18967135.9180340
   819.000 18992670.3427378
   819.500 18906906.9349748
   820.000 18706183.7178879
   820.500 18461036.7691526
   821.000 18266122.1377529
   821.500 18191679.8186869
   822.000 18256928.2635397
   822.500 18419733.2163730
   823.000 18594052.0110094
   823.500 18706742.0899739
   824.000 18734334.0613905
   824.500 18640602.8722361
   825.000 18490073.5795426
   825.500 18298600.0687052
   826.000 18125995.7053237
   826.500 17981541.2857008
   827.000 17851914.9894817
   827.500 17745300.8199024
   828.000 17660441.3540733
   828.500 17575154.4333501
   829.000 17487562.8664349
   829.500 17358998.6992640
   830.000 17179130.8107199
   830.500 16972321.6730116
   831.000 16758495.3189056
   831.500 16534086.3828370
   832.000 16299315.9543750
   832.500 16065334.9549179
   833.000 15811085.8719642
   833.500 15514739.6469846
   834.000 15186803.0495973
   834.500 14843661.3343784
   835.000 14472191.0920824
   835.500 14096384.4868679
   836.000 13764642.8183817
   836.500 13467462.9626802
   837.000 13265175.7308028
   837.500 13090595.1562219
   838.000 12918935.2033239
   838.500 12751434.5282156
   839.000 12594349.0887217
   839.500 12480893.8327024
   840.000 12436912.9941374
   840.500 12432139.3698868
   841.000 12483547.5305791
   841.500 12528079.2475590
   842.000 12541991.4186317
   842.500 12583660.0693950
   843.000 12583972.9568550
   843.500 12599919.9468669
   844.000 12634102.2023767
   844.500 12649646.7008962
   845.000 12642726.5912714
   845.500 12595450.1088954
   846.000 12466731.4164962
   846.500 12313152.7487786
   847.000 12116772.1477963
   847.500 11890009.4717811
   848.000 11713465.4404002
   848.500 11520178.2862202
   849.000 11338690.7384255
   849.500 11145580.7651060
   850.000 10883992.1268556
   850.500 10542695.9882692
   851.000 10116183.7519373
   851.500 9619726.3735008
   852.000 9157037.7058605
   852.500 8808519.1300689
   853.000 8575551.1099220
   853.500 8418512.7196383
   854.000 8233945.8695833
   854.500 7993342.5350356
   855.000 7701572.7512448
   855.500 7378551.2347046
   856.000 7042430.5146367
   856.500 6703608.7681601
   857.000 6357093.5019836
   857.500 5991493.1801383
   858.000 5618480.0465658
   858.500 5269507.3101230
   859.000 4938400.2582674
   859.500 4658156.9694159
   860.000 4458066.7464268
   860.500 4319595.0155301
   861.000 4224451.6045846
   861.500 4160887.7302223
   862.000 4121429.5367727
   862.500 4094613.0502657
   863.000 4074373.6855062
   863.500 4073849.9742545
   864.000 4112117.0067903
   864.500 4206323.2227071
   865.000 4371469.6754673
   865.500 4585122.6276502
   866.000 4820997.9097973
   866.500 5041896.5339073
   867.000 5221300.3323848
   867.500 5368267.1845192
   868.000 5495631.8838734
   868.500 5611033.3301209
   869.000 5724536.8105961
   869.500 5839941.9100892
   870.000 5947054.2083682
   870.500 6014528.1392334
   871.000 6033704.1083742
   871.500 6009721.0917402
   872.000 5968624.6547839
   872.500 5900816.3556368
   873.000 5817781.4468363
   873.500 5721264.4747979
   874.000 5604619.8766512
   874.500 5465453.2003342
   875.000 5295954.2630068
   875.500 5069604.9633802
   876.000 4776090.6227574
   876.500 4411762.2253168
   877.000 3966099.3617301
   877.500 3476689.9217748
   878.000 2956255.8648785
   878.500 2453196.6970724
   879.000 2005442.5075763
   879.500 1624747.7788980
   880.000 1321074.0481617
   880.500 1104213.3333237
   881.000 960832.1205968
   881.500 880169.8744172
   882.000 872259.7380391
   882.500 867976.0757832
   883.000 849610.3044192
   883.500 802491.9927351
   884.000 735746.2193041
   884.500 663238.4902561
   885.000 604583.8133319
   885.500 577093.6227986
   886.000 579180.6372465
   886.500 594496.2428693
   887.000 618375.7562704
   887.500 644374.9102745
   888.000 649865.1791502
   888.500 650230.5004747
   889.000 646001.2049663
   889.500 652459.4092537
   890.000 652671.0517279
   890.500 647622.7239082
   891.000 629575.4773787
   891.500 604688.2568978
   892.000 595299.9027075
   892.500 598745.6034876
   893.000 598806.4372700
   893.500 625960.8257651
   894.000 668438.3811529
   894.500 719812.1594237
   895.000 774543.1720459
   895.500 807164.6013650
   896.000 823974.9731634
   896.500 839135.4162845
   897.000 868400.4229692
   897.500 918798.2435791
   898.000 985358.6712766
   898.500 1066069.2918738
   899.000 1160481.4640015
   899.500 1270236.7402033
   900.000 1399519.7059725
   900.500 1549011.1972352
   901.000 1703740.6685022
   901.500 1861919.9277695
   902.000 2009457.3991964
   902.500 2140842.7954011
   903.000 2256389.0692018
   903.500 2354010.2993974
   904.000 2435457.0100694
   904.500 2510658.4529564
   905.000 2577785.3268673
   905.500 2642031.9104869
   906.000 2696251.2081731
   906.500 2743385.5796193
   907.000 2794852.5388996
   907.500 2829831.5403344
   908.000 2851485.3702706
   908.500 2862745.8509518
   909.000 2858321.4453649
   909.500 2843489.1573427
   910.000 2832182.2744905
   910.500 2818748.6563900
   911.000 2812431.7158508
   911.500 2821701.5380722
   912.000 2822981.4663635
   912.500 2826270.7569545
   913.000 2828122.1901960
   913.500 2832831.1068133
   914.000 2842006.4072721
   914.500 2860061.9931834
   915.000 2890609.4250288
   915.500 2926721.8953467
   916.000 2959124.1723780
   916.500 2986287.6379701
   917.000 3015488.3478564
   917.500 3015751.1387753
   918.000 3006985.7430549
   918.500 2978299.4219040
   919.000 2941733.4005400
   919.500 2901041.9720805
   920.000 2860662.5545815
   920.500 2826305.6854556
   921.000 2792478.9779519
   921.500 2748664.4334864
   922.000 2710033.5159813
   922.500 2674297.5769930
   923.000 2637510.6879709
   923.500 2624574.4854199
   924.000 2590235.2959459
   924.500 2547704.0321858
   925.000 2495942.5665874
   925.500 2431939.0976192
   926.000 2354217.7661486
   926.500 2262653.7812182
   927.000 2164703.1574206
   927.500 2073610.6635551
   928.000 1979124.3016380
   928.500 1868375.3493964
   929.000 1762441.4561222
   929.500 1661532.1050559
   930.000 1575837.1966453
   930.500 1506802.7525406
   931.000 1450686.5858702
   931.500 1404592.9492987
   932.000 1373190.7492249
   932.500 1360972.2484603
   933.000 1360486.6391408
   933.500 1361697.3670053
   934.000 1361619.0682784
   934.500 1373726.8833584
   935.000 1409913.4580454
   935.500 1461109.6881356
   936.000 1527440.3612169
   936.500 1589612.6758387
   937.000 1634050.4874282
   937.500 1651377.4370229
   938.000 1643222.7221869
   938.500 1617639.3235994
   939.000 1573223.9258313
   939.500 1530942.5751566
   940.000 1478615.9289060
   940.500 1434843.2030630
   941.000 1398886.8195842
   941.500 1375909.9801077
   942.000 1361645.4052445
   942.500 1346619.3451660
   943.000 1335179.2668970
   943.500 1325002.6985280
   944.000 1310329.0091722
   944.500 1300234.7575921
   945.000 1297122.0331747
   945.500 1296735.4970029
   946.000 1285654.7566256
   946.500 1282479.1424883
   947.000 1266829.8414178
   947.500 1257019.7519674
   948.000 1242769.5065030
   948.500 1222291.8510426
   949.000 1206621.6918665
   949.500 1198921.1730372
   950.000 1192941.3612167
   950.500 1189655.0022076
   951.000 1184504.3125036
   951.500 1168647.2469598
   952.000 1140089.3889781
   952.500 1127175.8785324
   953.000 1115641.6944277
   953.500 1099329.7600477
   954.000 1087628.9649731
   954.500 1078189.5359019
   955.000 1064093.3848954
   955.500 1044022.6254840
   956.000 1019516.1367525
   956.500 992674.1177989
   957.000 966343.6518192
   957.500 938061.4658356
   958.000 911381.1468050
   958.500 875151.9549632
   959.000 834285.5909481
   959.500 793107.7632175
   960.000 749327.8141332
   960.500 709876.7897473
   961.000 676876.6980408
   961.500 646121.0842709
   962.000 621805.3028059
   962.500 597594.2427915
   963.000 576281.3133243
   963.500 575229.1857527
   964.000 565583.0426727
   964.500 559232.5772130
   965.000 549772.5476460
   965.500 535117.0043114
   966.000 518218.5140280
   966.500 496440.8393853
   967.000 466628.1691416
   967.500 437884.8823980
   968.000 424999.3394262
   968.500 420705.9961354
   969.000 419674.7441108
   969.500 424016.6192643
   970.000 419634.5688550
   970.500 411869.8114116
   971.000 402551.0585363
   971.500 396754.3242537
   972.000 395405.0136302
   972.500 393672.9306124
   973.000 389044.5608857
   973.500 383735.8017399
   974.000 374115.6467187
   974.500 363901.9816583
   975.000 359814.5495447
   975.500 353776.5585031
   976.000 347138.7226687
   976.500 334372.6939773
   977.000 318059.1781876
   977.500 302633.3231627
   978.000 288596.9457345
   978.500 273346.6755933
   979.000 256416.8547353
   979.500 240908.2281664
   980.000 226242.6479603
   980.500 217132.5608897
   981.000 210153.2651397
   981.500 208078.8715413
   982.000 204412.2904564
   982.500 204975.3431109
   983.000 196330.2523144
   983.500 184575.7076010
   984.000 169987.0924852
   984.500 149902.4755492
   985.000 138341.7749924
   985.500 131366.9674868
   986.000 127631.4449077
   986.500 121093.2235698
   987.000 123360.9929478
   987.500 126899.1892521
   988.000 132410.8782753
   988.500 136184.6291999
   989.000 137866.5490095
   989.500 137447.1464225
   990.000 134960.0827420
   990.500 132999.7644957
   991.000 132808.1920334
   991.500 126058.0977953
   992.000 122088.4492074
   992.500 122601.9876649
   993.000 121000.7418752
   993.500 122043.0741721
   994.000 129691.6192792
   994.500 130514.1883232
   995.000 130848.7189647
   995.500 133064.1118764
   996.000 131567.9303328
   996.500 129773.6037651
   997.000 129497.2676567
   997.500 127482.3446096
   998.000 127231.8380449
   998.500 126643.1574077
   999.000 125333.8569285
   999.500 118960.1387100
  1000.000 116505.3904347
  1000.500 120219.9118092
  1001.000 117977.6164598
  1001.500 107647.9269080
  1002.000 98370.1989328
  1002.500 90115.3511168
  1003.000 86479.1276632
  1003.500 83374.0868937
  1004.000 84008.7034082
  1004.500 79706.9816828
  1005.000 75760.4358523
  1005.500 75920.7496544
  1006.000 72095.9409571
  1006.500 66697.8535168
  1007.000 63994.6095741
  1007.500 61981.6481373
  1008.000 60261.6422238
  1008.500 64271.1306243
  1009.000 64774.1375354
  1009.500 64987.0681154
  1010.000 66385.4770237
  1010.500 65161.1808159
  1011.000 65900.2892224
  1011.500 67125.2565405
  1012.000 68108.6105893
  1012.500 69624.1670650
  1013.000 72867.1478390
  1013.500 75705.8390538
  1014.000 74536.9226162
  1014.500 74308.9943845
  1015.000 75592.8354615
  1015.500 75981.1206367
  1016.000 78624.2706581
  1016.500 77290.3841771
  1017.000 77992.5300426
  1017.500 77339.2111573
  1018.000 75398.7793178
  1018.500 76928.3244113
  1019.000 78758.3183253
  1019.500 74595.6866499
  1020.000 71729.1633217
  1020.500 71387.2465458
  1021.000 76426.6036051
  1021.500 71759.5072962
  1022.000 68407.6691089
  1022.500 65921.9557356
  1023.000 68965.8343968
  1023.500 71459.4651276
  1024.000 69958.0891499
  1024.500 67574.2519916
  1025.000 69794.2321087
  1025.500 76278.8393486
  1026.000 77287.2587353
  1026.500 77691.5263144
  1027.000 71900.6506192
  1027.500 74086.3296028
  1028.000 70167.5867762
  1028.500 64909.7018717
  1029.000 64345.6041337
  1029.500 66188.5152218
  1030.000 64281.0922208
  1030.500 59345.2045524
  1031.000 58345.0150308
  1031.500 62139.3932075
  1032.000 63023.9863959
  1032.500 62637.8231231
  1033.000 66169.9656850
  1033.500 68197.8387200
  1034.000 70410.1981180
  1034.500 72512.2678586
  1035.000 71319.0100448
  1035.500 70089.6215758
  1036.000 69522.3303370
  1036.500 69050.4711215
  1037.000 69642.3498291
  1037.500 65969.0119309
  1038.000 61519.6761179
  1038.500 68141.3996441
  1039.000 65234.1619364
  1039.500 56575.3306131
  1040.000 63592.5820715
  1040.500 67779.0590179
  1041.000 64324.3453430
  1041.500 61678.0877952
  1042.000 61797.5887988
  1042.500 61143.0588504
  1043.000 62403.3873545
  1043.500 64916.4444780
  1044.000 69258.8317680
  1044.500 67112.8259228
  1045.000 61323.5787624
  1045.500 69703.4551071
  1046.000 70997.4288173
  1046.500 67914.3766723
  1047.000 62379.4314243
  1047.500 59049.5922759
  1048.000 59466.2241068
  1048.500 57107.2545819
  1049.000 50082.3782438
  1049.500 39855.4458556
  1050.000 39012.0737545
  1050.500 48613.5689129
  1051.000 55397.1561969
  1051.500 55529.2493840
  1052.000 48312.7912183
  1052.500 38386.7881679
  1053.000 39097.8443882
  1053.500 48269.1082060
  1054.000 49553.7718015
  1054.500 39513.7205018
  1055.000 30139.8900382
  1055.500 29969.8253133
  1056.000 32821.4250411
  1056.500 37624.6634502
  1057.000 36802.2342193
  1057.500 29125.1835815
  1058.000 18488.2271427
  1058.500 19565.1389884
  1059.000 32364.0414544
  1059.500 41737.7653007
  1060.000 42549.6847010
  1060.500 44513.8937703
  1061.000 35904.0654530
  1061.500 25345.2137521
  1062.000 24817.6940096
